right hand

Transformation matrix T:
[[-0.07562395 -0.64557049  0.75994721 -0.1392364 ]
 [-0.99707425  0.04044811 -0.06486054  0.36892401]
 [ 0.01113362 -0.7626288  -0.64674056  0.4403681 ]
 [ 0.          0.          0.          1.        ]]
quat:  [-0.61860094  0.66385477 -0.31162288  0.2819945 ]
trans:  [-0.1392364   0.36892401  0.4403681 ]
Average reprojection error: 0.0022003119483217847




left hand
Transformation matrix T:
[[-0.06480569 -0.65056758  0.7566783  -0.1393031 ]
 [-0.99758589  0.0232756  -0.0654266  -0.2691403 ]
 [ 0.02495229 -0.75909161 -0.65050543  0.43911375]
 [ 0.          0.          0.          1.        ]]
quat:  [-0.62498483  0.65927739 -0.31265982  0.27747274]
trans:  [-0.1393031  -0.2691403   0.43911375]
Average reprojection error: 0.002310593012537346




